1116
3276
6057
9929
8573
721
3228
6393
8944
5368
8392
2023
446
4095
6502
9345
5103
6976
4978
5937
7781
7813
4279
8010
946
9353
5526
4643
1382
4610
2114
7038
3768
7659
3449
5305
7446
8712
5763
4483
2815
8084
9596
6690
9688
6386
9083
1487
7793
3852
6962
2529
1755
7913
691
6622
6758
8054
2780
5734
6812
2305
7292
7500
3250
1519
4438
6135
967
7294
723
7704
6462
3002
4526
2265
1841
1497
4900
7057
4790
1293
9292
9431
8749
9046
4024
7018
5992
1067
1792
8404
1332
717
8457
7645
1168
5660
2510
2753
6684
2310
2021
2681
5201
8232
2960
841
919
3527
5038
7635
6299
8242
4794
7432
2979
8573
7492
159
5078
7384
8979
5071
8503
9231
5110
8548
1416
8373
8036
9243
8522
2557
3504
2076
9296
5603
6779
1288
4440
9270
1926
5777
2676
4342
7574
7945
7893
104
6566
