807
6254
9876
7510
8028
5434
5817
1362
6281
8045
592
2347
3514
4844
6186
7446
255
4129
2330
8789
4324
1723
8921
4970
2367
5511
8933
4510
6669
7267
2448
4096
9395
5539
5164
4933
3686
3612
433
600
1540
7627
8278
5230
5685
878
2409
7495
3567
9211
5127
8657
3259
749
2261
918
4134
9432
8952
5042
8870
6460
5700
8652
8816
5518
6487
7054
8810
7472
9575
6762
679
4722
6074
9570
7732
6590
6763
465
1397
9704
9270
4872
5752
7989
5996
2330
5265
8069
8537
7047
5867
7210
1956
5777
4968
9429
455
5306
8875
6522
2754
4987
1906
3360
3408
8698
914
6881
6578
7831
3358
4325
106
8486
8703
4909
5278
6993
4475
6453
1964
3849
1737
5629
1725
8053
7845
2657
2099
9990
3712
5288
2122
6630
1718
1569
677
348
666
6423
3013
7002
7967
4146
5165
5126
7433
2569
8374
2017
1155
1930
8100
7682
