3000.0
1550.0
151.0
769.0
4113.0
6300.0
6419.0
9326.0
3294.0
2955.0
7791.0
5650.0
8241.0
9864.0
4305.0
6158.0
5784.0
9163.0
3196.0
8957.0
4926.0
4866.0
4322.0
3913.0
2709.0
889.0
4110.0
1230.0
7273.0
2503.0
1575.0
6794.0
304.0
8700.0
3236.0
5592.0
8228.0
3992.0
8586.0
1524.0
5498.0
6623.0
1957.0
4532.0
5779.0
6818.0
6890.0
934.0
6209.0
4833.0
9706.0
583.0
2575.0
4813.0
3676.0
707.0
2528.0
4243.0
1845.0
987.0
3047.0
176.0
1999.0
1691.0
7885.0
617.0
1107.0
2037.0
9481.0
8816.0
4971.0
9363.0
3791.0
1499.0
3554.0
1247.0
3000.0
