9644.0
5639.0
3239.0
7618.0
1929.0
9486.0
4259.0
8408.0
1551.0
2632.0
9463.0
8992.0
8293.0
2706.0
2138.0
3185.0
8310.0
9071.0
6228.0
8945.0
5312.0
9244.0
5970.0
4333.0
5298.0
1463.0
7717.0
1095.0
9633.0
1728.0
7938.0
2913.0
3996.0
4433.0
9365.0
302.0
7381.0
1553.0
8237.0
6632.0
1297.0
3878.0
1204.0
2291.0
9363.0
2866.0
9223.0
5836.0
3553.0
590.0
7605.0
5240.0
840.0
913.0
375.0
1305.0
357.0
8841.0
4816.0
7985.0
7639.0
1634.0
7471.0
6447.0
4131.0
8511.0
4159.0
5621.0
8914.0
4932.0
2729.0
9621.0
8998.0
7425.0
2292.0
8275.0
7406.0
5568.0
9103.0
984.0
5297.0
7980.0
2581.0
2920.0
5520.0
6123.0
3378.0
3291.0
7814.0
2790.0
795.0
6880.0
4311.0
374.0
1328.0
2526.0
6211.0
5805.0
853.0
461.0
5942.0
3406.0
8728.0
5858.0
3852.0
9510.0
5555.0
5500.0
2447.0
4331.0
6160.0
2828.0
1119.0
9135.0
4698.0
2092.0
8638.0
7707.0
4860.0
8395.0
5907.0
1317.0
2514.0
7745.0
3236.0
9714.0
5116.0
9620.0
6910.0
1602.0
6851.0
2519.0
3555.0
1374.0
105.0
2522.0
1540.0
6357.0
2849.0
2762.0
1744.0
9314.0
2427.0
975.0
7666.0
507.0
3493.0
5581.0
9927.0
8839.0
8976.0
254.0
7205.0
7049.0
267.0
7072.0
