8357.0
9938.0
8867.0
3628.0
5663.0
1727.0
6590.0
5248.0
4691.0
7965.0
5200.0
7296.0
4172.0
7056.0
4630.0
3898.0
3428.0
4198.0
7607.0
6497.0
2798.0
701.0
517.0
1380.0
2013.0
3671.0
8004.0
768.0
673.0
1669.0
2227.0
227.0
3775.0
3563.0
1761.0
3165.0
3135.0
1026.0
2763.0
6360.0
7069.0
6285.0
838.0
3332.0
1692.0
1541.0
3653.0
6160.0
6265.0
7778.0
3487.0
8834.0
4300.0
9030.0
6941.0
7196.0
1762.0
8104.0
7444.0
8343.0
282.0
4359.0
3851.0
8623.0
2423.0
4274.0
2377.0
8603.0
1472.0
5950.0
2788.0
3297.0
7609.0
4932.0
2059.0
3029.0
6271.0
6319.0
1883.0
3916.0
5018.0
921.0
1549.0
3085.0
9479.0
2244.0
913.0
4913.0
7345.0
822.0
5082.0
9717.0
7892.0
8338.0
6044.0
4659.0
618.0
4864.0
5326.0
9743.0
9827.0
3084.0
8076.0
1658.0
9288.0
1231.0
891.0
7618.0
2671.0
1414.0
5961.0
7150.0
5399.0
6323.0
1287.0
8382.0
3939.0
6542.0
9218.0
6021.0
6715.0
6864.0
5583.0
7511.0
7442.0
6902.0
8444.0
9377.0
227.0
9564.0
4187.0
8451.0
9257.0
8432.0
7426.0
3065.0
3428.0
1794.0
3588.0
2859.0
5847.0
1938.0
3127.0
9730.0
3019.0
7126.0
9077.0
6640.0
3739.0
8706.0
4179.0
